/Users/kat/PycharmProjects/pythonProject/venv/bin/python /Users/kat/PycharmProjects/pythonProject/Assignment12.py
pre_order [27, 5, 3, 2, 1, 4, 16, 8, 6, 7, 15, 9, 14, 10, 12, 11, 13, 21, 19, 18, 17, 20, 22, 24, 23, 26, 25, 39, 33, 32, 28, 29, 30, 31, 38, 36, 35, 34, 37, 50, 40, 43, 42, 41, 48, 46, 44, 45, 47, 49]
in_order [1, 2, 3, 4, 5, 6, 7, 8, 9, 10, 11, 12, 13, 14, 15, 16, 17, 18, 19, 20, 21, 22, 23, 24, 25, 26, 27, 28, 29, 30, 31, 32, 33, 34, 35, 36, 37, 38, 39, 40, 41, 42, 43, 44, 45, 46, 47, 48, 49, 50]
post_order [1, 2, 4, 3, 7, 6, 11, 13, 12, 10, 14, 9, 15, 8, 17, 18, 20, 19, 23, 25, 26, 24, 22, 21, 16, 5, 31, 30, 29, 28, 32, 34, 35, 37, 36, 38, 33, 41, 42, 45, 44, 47, 46, 49, 48, 43, 40, 50, 39, 27]
reverse_order [50, 49, 48, 47, 46, 45, 44, 43, 42, 41, 40, 39, 38, 37, 36, 35, 34, 33, 32, 31, 30, 29, 28, 27, 26, 25, 24, 23, 22, 21, 20, 19, 18, 17, 16, 15, 14, 13, 12, 11, 10, 9, 8, 7, 6, 5, 4, 3, 2, 1]
dfs [27, 5, 3, 2, 1, 4, 16, 8, 6, 7, 15, 9, 14, 10, 12, 11, 13, 21, 19, 18, 17, 20, 22, 24, 23, 26, 25, 39, 33, 32, 28, 29, 30, 31, 38, 36, 35, 34, 37, 50, 40, 43, 42, 41, 48, 46, 44, 45, 47, 49]
bfs [27, 5, 39, 3, 16, 33, 50, 2, 4, 8, 21, 32, 38, 40, 1, 6, 15, 19, 22, 28, 36, 43, 7, 9, 18, 20, 24, 29, 35, 37, 42, 48, 14, 17, 23, 26, 30, 34, 41, 46, 49, 10, 25, 31, 44, 47, 12, 45, 11, 13]
level_order [27, 5, 39, 3, 16, 33, 50, 2, 4, 8, 21, 32, 38, 40, 1, 6, 15, 19, 22, 28, 36, 43, 7, 9, 18, 20, 24, 29, 35, 37, 42, 48, 14, 17, 23, 26, 30, 34, 41, 46, 49, 10, 25, 31, 44, 47, 12, 45, 11, 13]
height 9
leaves [1, 4, 7, 11, 13, 17, 20, 23, 25, 31, 34, 37, 41, 45, 47, 49]
min_key 1
max_key 50
is_balanced False
Depth:  27 0
Depth:  39 1
Depth:  5 1

Process finished with exit code 0
